# Camera calibration for DD2419 fish eye cameras.(reference)
# You should probably look into replacing this!

image_width: 640
image_height: 480
camera_name: camera
camera_matrix:
  rows: 3
  cols: 3
  data: [222.91335402, 0.000000, 325.80327746, 0.000000, 221.76372749, 236.02284187, 0.000000, 0.000000, 1.000000]
distortion_model: plumb_bob
distortion_coefficients:
  rows: 1
  cols: 5
  data: [2.47410560e-01,  -3.03099446e-01,  -2.62596533e-04,
         -8.35380154e-04,   9.12214101e-02]
rectification_matrix:
  rows: 3
  cols: 3
  data: [1.000000, 0.000000, 0.000000, 0.000000, 1.000000, 0.000000, 0.000000, 0.000000, 1.000000]
projection_matrix:
  rows: 3
  cols: 4
  data: [222.91335402, 0.000000, 325.80327746, 0.000000, 0.000000, 221.76372749, 236.02284187, 0.000000, 0.000000, 0.000000, 1.000000, 0.000000]
