# Camera calibration for DD2419 fish eye cameras.
# You should probably look into replacing this!

image_width: 640
image_height: 480
camera_name: camera
camera_matrix:
  rows: 3
  cols: 3
  data: [214.601691, 0.000000, 320.000000, 0.000000, 214.601691, 240.000000, 0.000000, 0.000000, 1.000000]
distortion_model: plumb_bob
distortion_coefficients:
  rows: 1
  cols: 5
  data: [1.2056004864982897e-01, -1.3941074616781646e-01, 0.0, 0.0, 3.0058590769393247e-02]

rectification_matrix:
  rows: 3
  cols: 3
  data: [1.000000, 0.000000, 0.000000, 0.000000, 1.000000, 0.000000, 0.000000, 0.000000, 1.000000]
projection_matrix:
  rows: 3
  cols: 4
  data: [214.601691, 0.000000, 320.000000, 0.000000, 0.000000, 214.601691, 240.000000, 0.000000, 0.000000, 0.000000, 1.000000, 0.000000]
